[
  {
    "name": "tir_upstream_8bp",
    "length": 8,
    "count": 88,
    "matrix": [
      [
        0.6704545454545454,
        0.07954545454545454,
        0.18181818181818182,
        0.06818181818181818
      ],
      [
        0.3522727272727273,
        0.22727272727272727,
        0.17045454545454544,
        0.25
      ],
      [
        0.0,
        0.0,
        0.20454545454545456,
        0.7954545454545454
      ],
      [
        0.5568181818181818,
        0.19318181818181818,
        0.0,
        0.25
      ],
      [
        0.0,
        0.25,
        0.17045454545454544,
        0.5795454545454546
      ],
      [
        0.06818181818181818,
        0.45454545454545453,
        0.045454545454545456,
        0.4318181818181818
      ],
      [
        0.0,
        0.011363636363636364,
        0.4090909090909091,
        0.5795454545454546
      ],
      [
        0.5340909090909091,
        0.36363636363636365,
        0.0,
        0.10227272727272728
      ]
    ],
    "min_score": 2.714
  },
  {
    "name": "tir_upstream_9bp",
    "length": 9,
    "count": 87,
    "matrix": [
      [
        0.367816091954023,
        0.41379310344827586,
        0.19540229885057472,
        0.022988505747126436
      ],
      [
        0.45977011494252873,
        0.5172413793103449,
        0.022988505747126436,
        0.0
      ],
      [
        0.10344827586206896,
        0.41379310344827586,
        0.08045977011494253,
        0.40229885057471265
      ],
      [
        0.011494252873563218,
        0.3793103448275862,
        0.5057471264367817,
        0.10344827586206896
      ],
      [
        0.04597701149425287,
        0.45977011494252873,
        0.2988505747126437,
        0.19540229885057472
      ],
      [
        0.39080459770114945,
        0.1839080459770115,
        0.0,
        0.42528735632183906
      ],
      [
        0.0,
        0.022988505747126436,
        0.42528735632183906,
        0.5517241379310345
      ],
      [
        0.022988505747126436,
        0.47126436781609193,
        0.08045977011494253,
        0.42528735632183906
      ],
      [
        0.5287356321839081,
        0.0,
        0.3103448275862069,
        0.16091954022988506
      ]
    ],
    "min_score": 2.572
  },
  {
    "name": "tir_upstream_10bp",
    "length": 10,
    "count": 350,
    "matrix": [
      [
        0.3485714285714286,
        0.03142857142857143,
        0.28,
        0.34
      ],
      [
        0.32857142857142857,
        0.18571428571428572,
        0.2742857142857143,
        0.21142857142857144
      ],
      [
        0.14857142857142858,
        0.2542857142857143,
        0.2885714285714286,
        0.30857142857142855
      ],
      [
        0.10571428571428572,
        0.21714285714285714,
        0.5285714285714286,
        0.14857142857142858
      ],
      [
        0.24571428571428572,
        0.18571428571428572,
        0.04,
        0.5285714285714286
      ],
      [
        0.13714285714285715,
        0.37714285714285717,
        0.19714285714285715,
        0.2885714285714286
      ],
      [
        0.3314285714285714,
        0.13142857142857142,
        0.07142857142857142,
        0.4657142857142857
      ],
      [
        0.2885714285714286,
        0.4714285714285714,
        0.04285714285714286,
        0.19714285714285715
      ],
      [
        0.23142857142857143,
        0.22285714285714286,
        0.26285714285714284,
        0.28285714285714286
      ],
      [
        0.26,
        0.10285714285714286,
        0.11142857142857143,
        0.5257142857142857
      ]
    ],
    "min_score": 2.499
  },
  {
    "name": "tir_upstream_11bp",
    "length": 11,
    "count": 83,
    "matrix": [
      [
        0.5903614457831325,
        0.012048192771084338,
        0.18072289156626506,
        0.21686746987951808
      ],
      [
        0.07228915662650602,
        0.0,
        0.46987951807228917,
        0.4578313253012048
      ],
      [
        0.2891566265060241,
        0.012048192771084338,
        0.0,
        0.6987951807228916
      ],
      [
        0.3132530120481928,
        0.012048192771084338,
        0.21686746987951808,
        0.4578313253012048
      ],
      [
        0.012048192771084338,
        0.7710843373493976,
        0.0,
        0.21686746987951808
      ],
      [
        0.18072289156626506,
        0.10843373493975904,
        0.24096385542168675,
        0.46987951807228917
      ],
      [
        0.0,
        0.18072289156626506,
        0.10843373493975904,
        0.7108433734939759
      ],
      [
        0.24096385542168675,
        0.5421686746987951,
        0.0,
        0.21686746987951808
      ],
      [
        0.3493975903614458,
        0.5662650602409639,
        0.08433734939759036,
        0.0
      ],
      [
        0.4578313253012048,
        0.25301204819277107,
        0.0,
        0.2891566265060241
      ],
      [
        0.07228915662650602,
        0.12048192771084337,
        0.0,
        0.8072289156626506
      ]
    ],
    "min_score": 3.925
  },
  {
    "name": "tir_upstream_12bp",
    "length": 12,
    "count": 142,
    "matrix": [
      [
        0.2112676056338028,
        0.2746478873239437,
        0.2535211267605634,
        0.2605633802816901
      ],
      [
        0.3732394366197183,
        0.1267605633802817,
        0.2746478873239437,
        0.22535211267605634
      ],
      [
        0.20422535211267606,
        0.1056338028169014,
        0.323943661971831,
        0.36619718309859156
      ],
      [
        0.1267605633802817,
        0.3028169014084507,
        0.2323943661971831,
        0.3380281690140845
      ],
      [
        0.2887323943661972,
        0.2887323943661972,
        0.08450704225352113,
        0.3380281690140845
      ],
      [
        0.02112676056338028,
        0.2887323943661972,
        0.49295774647887325,
        0.19718309859154928
      ],
      [
        0.5352112676056338,
        0.035211267605633804,
        0.23943661971830985,
        0.19014084507042253
      ],
      [
        0.39436619718309857,
        0.15492957746478872,
        0.3591549295774648,
        0.09154929577464789
      ],
      [
        0.176056338028169,
        0.2676056338028169,
        0.45774647887323944,
        0.09859154929577464
      ],
      [
        0.19014084507042253,
        0.4084507042253521,
        0.04225352112676056,
        0.3591549295774648
      ],
      [
        0.09859154929577464,
        0.29577464788732394,
        0.34507042253521125,
        0.2605633802816901
      ],
      [
        0.07042253521126761,
        0.43661971830985913,
        0.352112676056338,
        0.14084507042253522
      ]
    ],
    "min_score": 2.856
  },
  {
    "name": "tir_upstream_13bp",
    "length": 13,
    "count": 139,
    "matrix": [
      [
        0.3237410071942446,
        0.08633093525179857,
        0.4316546762589928,
        0.15827338129496402
      ],
      [
        0.16546762589928057,
        0.2302158273381295,
        0.06474820143884892,
        0.539568345323741
      ],
      [
        0.4028776978417266,
        0.03597122302158273,
        0.460431654676259,
        0.10071942446043165
      ],
      [
        0.10071942446043165,
        0.381294964028777,
        0.2589928057553957,
        0.2589928057553957
      ],
      [
        0.34532374100719426,
        0.2158273381294964,
        0.1366906474820144,
        0.302158273381295
      ],
      [
        0.38848920863309355,
        0.37410071942446044,
        0.2158273381294964,
        0.02158273381294964
      ],
      [
        0.28776978417266186,
        0.17985611510791366,
        0.04316546762589928,
        0.4892086330935252
      ],
      [
        0.02158273381294964,
        0.4028776978417266,
        0.26618705035971224,
        0.30935251798561153
      ],
      [
        0.2014388489208633,
        0.1223021582733813,
        0.15827338129496402,
        0.5179856115107914
      ],
      [
        0.04316546762589928,
        0.04316546762589928,
        0.31654676258992803,
        0.5971223021582733
      ],
      [
        0.3381294964028777,
        0.050359712230215826,
        0.35251798561151076,
        0.2589928057553957
      ],
      [
        0.2733812949640288,
        0.1223021582733813,
        0.30935251798561153,
        0.2949640287769784
      ],
      [
        0.16546762589928057,
        0.1510791366906475,
        0.302158273381295,
        0.381294964028777
      ]
    ],
    "min_score": 3.358
  },
  {
    "name": "tir_upstream_14bp",
    "length": 14,
    "count": 114,
    "matrix": [
      [
        0.03508771929824561,
        0.11403508771929824,
        0.14035087719298245,
        0.7105263157894737
      ],
      [
        0.05263157894736842,
        0.13157894736842105,
        0.3508771929824561,
        0.4649122807017544
      ],
      [
        0.30701754385964913,
        0.02631578947368421,
        0.19298245614035087,
        0.47368421052631576
      ],
      [
        0.06140350877192982,
        0.4824561403508772,
        0.07894736842105263,
        0.37719298245614036
      ],
      [
        0.07894736842105263,
        0.02631578947368421,
        0.2807017543859649,
        0.6140350877192983
      ],
      [
        0.2982456140350877,
        0.2894736842105263,
        0.16666666666666666,
        0.24561403508771928
      ],
      [
        0.37719298245614036,
        0.3333333333333333,
        0.05263157894736842,
        0.23684210526315788
      ],
      [
        0.19298245614035087,
        0.21052631578947367,
        0.2894736842105263,
        0.30701754385964913
      ],
      [
        0.45614035087719296,
        0.32456140350877194,
        0.15789473684210525,
        0.06140350877192982
      ],
      [
        0.12280701754385964,
        0.14035087719298245,
        0.07894736842105263,
        0.6578947368421053
      ],
      [
        0.043859649122807015,
        0.38596491228070173,
        0.08771929824561403,
        0.4824561403508772
      ],
      [
        0.09649122807017543,
        0.12280701754385964,
        0.21929824561403508,
        0.5614035087719298
      ],
      [
        0.21052631578947367,
        0.43859649122807015,
        0.02631578947368421,
        0.32456140350877194
      ],
      [
        0.49122807017543857,
        0.35964912280701755,
        0.043859649122807015,
        0.10526315789473684
      ]
    ],
    "min_score": 4.089
  },
  {
    "name": "tir_upstream_15bp",
    "length": 15,
    "count": 32,
    "matrix": [
      [
        0.28125,
        0.03125,
        0.21875,
        0.46875
      ],
      [
        0.09375,
        0.375,
        0.21875,
        0.3125
      ],
      [
        0.53125,
        0.125,
        0.0,
        0.34375
      ],
      [
        0.375,
        0.0,
        0.09375,
        0.53125
      ],
      [
        0.25,
        0.1875,
        0.3125,
        0.25
      ],
      [
        0.0,
        0.03125,
        0.5,
        0.46875
      ],
      [
        0.0,
        0.28125,
        0.28125,
        0.4375
      ],
      [
        0.0,
        0.28125,
        0.0,
        0.71875
      ],
      [
        0.59375,
        0.03125,
        0.15625,
        0.21875
      ],
      [
        0.3125,
        0.09375,
        0.03125,
        0.5625
      ],
      [
        0.59375,
        0.125,
        0.125,
        0.15625
      ],
      [
        0.5,
        0.03125,
        0.15625,
        0.3125
      ],
      [
        0.125,
        0.25,
        0.34375,
        0.28125
      ],
      [
        0.34375,
        0.3125,
        0.0,
        0.34375
      ],
      [
        0.34375,
        0.28125,
        0.25,
        0.125
      ]
    ],
    "min_score": 4.294
  },
  {
    "name": "tir_upstream_16bp",
    "length": 16,
    "count": 47,
    "matrix": [
      [
        0.2127659574468085,
        0.06382978723404255,
        0.425531914893617,
        0.2978723404255319
      ],
      [
        0.10638297872340426,
        0.06382978723404255,
        0.574468085106383,
        0.2553191489361702
      ],
      [
        0.06382978723404255,
        0.3617021276595745,
        0.5319148936170213,
        0.0425531914893617
      ],
      [
        0.3191489361702128,
        0.2978723404255319,
        0.23404255319148937,
        0.14893617021276595
      ],
      [
        0.5957446808510638,
        0.0425531914893617,
        0.3404255319148936,
        0.02127659574468085
      ],
      [
        0.06382978723404255,
        0.8723404255319149,
        0.02127659574468085,
        0.0425531914893617
      ],
      [
        0.06382978723404255,
        0.8297872340425532,
        0.10638297872340426,
        0.0
      ],
      [
        0.06382978723404255,
        0.02127659574468085,
        0.3404255319148936,
        0.574468085106383
      ],
      [
        0.02127659574468085,
        0.574468085106383,
        0.3191489361702128,
        0.0851063829787234
      ],
      [
        0.2127659574468085,
        0.0,
        0.10638297872340426,
        0.6808510638297872
      ],
      [
        0.0425531914893617,
        0.0,
        0.5957446808510638,
        0.3617021276595745
      ],
      [
        0.5319148936170213,
        0.10638297872340426,
        0.0,
        0.3617021276595745
      ],
      [
        0.425531914893617,
        0.0425531914893617,
        0.06382978723404255,
        0.46808510638297873
      ],
      [
        0.7872340425531915,
        0.0425531914893617,
        0.10638297872340426,
        0.06382978723404255
      ],
      [
        0.0,
        0.3191489361702128,
        0.06382978723404255,
        0.6170212765957447
      ],
      [
        0.06382978723404255,
        0.3404255319148936,
        0.3404255319148936,
        0.2553191489361702
      ]
    ],
    "min_score": 5.591
  },
  {
    "name": "tir_upstream_17bp",
    "length": 17,
    "count": 164,
    "matrix": [
      [
        0.23170731707317074,
        0.07317073170731707,
        0.4146341463414634,
        0.2804878048780488
      ],
      [
        0.4695121951219512,
        0.10365853658536585,
        0.2926829268292683,
        0.13414634146341464
      ],
      [
        0.16463414634146342,
        0.10975609756097561,
        0.3719512195121951,
        0.35365853658536583
      ],
      [
        0.23170731707317074,
        0.25609756097560976,
        0.054878048780487805,
        0.4573170731707317
      ],
      [
        0.36585365853658536,
        0.10975609756097561,
        0.31097560975609756,
        0.21341463414634146
      ],
      [
        0.2926829268292683,
        0.11585365853658537,
        0.34146341463414637,
        0.25
      ],
      [
        0.0975609756097561,
        0.12195121951219512,
        0.4878048780487805,
        0.2926829268292683
      ],
      [
        0.18292682926829268,
        0.036585365853658534,
        0.35365853658536583,
        0.4268292682926829
      ],
      [
        0.3902439024390244,
        0.03048780487804878,
        0.29878048780487804,
        0.2804878048780488
      ],
      [
        0.3170731707317073,
        0.27439024390243905,
        0.15853658536585366,
        0.25
      ],
      [
        0.3048780487804878,
        0.12195121951219512,
        0.23780487804878048,
        0.3353658536585366
      ],
      [
        0.1951219512195122,
        0.09146341463414634,
        0.49390243902439024,
        0.21951219512195122
      ],
      [
        0.14634146341463414,
        0.22560975609756098,
        0.29878048780487804,
        0.32926829268292684
      ],
      [
        0.07317073170731707,
        0.16463414634146342,
        0.16463414634146342,
        0.5975609756097561
      ],
      [
        0.0,
        0.18292682926829268,
        0.4695121951219512,
        0.3475609756097561
      ],
      [
        0.29878048780487804,
        0.25609756097560976,
        0.38414634146341464,
        0.06097560975609756
      ],
      [
        0.18292682926829268,
        0.4329268292682927,
        0.3231707317073171,
        0.06097560975609756
      ]
    ],
    "min_score": 4.251
  },
  {
    "name": "tir_upstream_18bp",
    "length": 18,
    "count": 109,
    "matrix": [
      [
        0.44036697247706424,
        0.1651376146788991,
        0.11926605504587157,
        0.27522935779816515
      ],
      [
        0.24770642201834864,
        0.10091743119266056,
        0.24770642201834864,
        0.4036697247706422
      ],
      [
        0.13761467889908258,
        0.11009174311926606,
        0.41284403669724773,
        0.3394495412844037
      ],
      [
        0.5688073394495413,
        0.0,
        0.1834862385321101,
        0.24770642201834864
      ],
      [
        0.1743119266055046,
        0.11926605504587157,
        0.44036697247706424,
        0.26605504587155965
      ],
      [
        0.30275229357798167,
        0.10091743119266056,
        0.13761467889908258,
        0.45871559633027525
      ],
      [
        0.01834862385321101,
        0.11926605504587157,
        0.6238532110091743,
        0.23853211009174313
      ],
      [
        0.07339449541284404,
        0.5504587155963303,
        0.07339449541284404,
        0.30275229357798167
      ],
      [
        0.08256880733944955,
        0.11926605504587157,
        0.2018348623853211,
        0.5963302752293578
      ],
      [
        0.3394495412844037,
        0.03669724770642202,
        0.44954128440366975,
        0.1743119266055046
      ],
      [
        0.07339449541284404,
        0.1834862385321101,
        0.5229357798165137,
        0.22018348623853212
      ],
      [
        0.23853211009174313,
        0.1926605504587156,
        0.09174311926605505,
        0.47706422018348627
      ],
      [
        0.12844036697247707,
        0.045871559633027525,
        0.47706422018348627,
        0.3486238532110092
      ],
      [
        0.42201834862385323,
        0.11926605504587157,
        0.2018348623853211,
        0.25688073394495414
      ],
      [
        0.22018348623853212,
        0.08256880733944955,
        0.1926605504587156,
        0.5045871559633027
      ],
      [
        0.5963302752293578,
        0.2018348623853211,
        0.11926605504587157,
        0.08256880733944955
      ],
      [
        0.1743119266055046,
        0.47706422018348627,
        0.1926605504587156,
        0.1559633027522936
      ],
      [
        0.3669724770642202,
        0.12844036697247707,
        0.3944954128440367,
        0.11009174311926606
      ]
    ],
    "min_score": 5.29
  },
  {
    "name": "tir_upstream_19bp",
    "length": 19,
    "count": 52,
    "matrix": [
      [
        0.3269230769230769,
        0.0,
        0.019230769230769232,
        0.6538461538461539
      ],
      [
        0.07692307692307693,
        0.038461538461538464,
        0.25,
        0.6346153846153846
      ],
      [
        0.4423076923076923,
        0.0,
        0.4807692307692308,
        0.07692307692307693
      ],
      [
        0.5961538461538461,
        0.0,
        0.019230769230769232,
        0.38461538461538464
      ],
      [
        0.19230769230769232,
        0.5,
        0.0,
        0.3076923076923077
      ],
      [
        0.07692307692307693,
        0.28846153846153844,
        0.40384615384615385,
        0.23076923076923078
      ],
      [
        0.0,
        0.0,
        0.5,
        0.5
      ],
      [
        0.28846153846153844,
        0.23076923076923078,
        0.09615384615384616,
        0.38461538461538464
      ],
      [
        0.5192307692307693,
        0.0,
        0.38461538461538464,
        0.09615384615384616
      ],
      [
        0.4807692307692308,
        0.0,
        0.4423076923076923,
        0.07692307692307693
      ],
      [
        0.2692307692307692,
        0.38461538461538464,
        0.019230769230769232,
        0.3269230769230769
      ],
      [
        0.0,
        0.09615384615384616,
        0.6730769230769231,
        0.23076923076923078
      ],
      [
        0.21153846153846154,
        0.0,
        0.38461538461538464,
        0.40384615384615385
      ],
      [
        0.0,
        0.6730769230769231,
        0.23076923076923078,
        0.09615384615384616
      ],
      [
        0.07692307692307693,
        0.019230769230769232,
        0.9038461538461539,
        0.0
      ],
      [
        0.17307692307692307,
        0.019230769230769232,
        0.8076923076923077,
        0.0
      ],
      [
        0.38461538461538464,
        0.5384615384615384,
        0.0,
        0.07692307692307693
      ],
      [
        0.4807692307692308,
        0.0,
        0.09615384615384616,
        0.4230769230769231
      ],
      [
        0.4807692307692308,
        0.09615384615384616,
        0.4230769230769231,
        0.0
      ]
    ],
    "min_score": 6.3
  },
  {
    "name": "tir_upstream_20bp",
    "length": 20,
    "count": 30,
    "matrix": [
      [
        0.0,
        0.0,
        0.6666666666666666,
        0.3333333333333333
      ],
      [
        0.23333333333333334,
        0.1,
        0.6666666666666666,
        0.0
      ],
      [
        0.0,
        0.23333333333333334,
        0.1,
        0.6666666666666666
      ],
      [
        0.23333333333333334,
        0.0,
        0.43333333333333335,
        0.3333333333333333
      ],
      [
        0.23333333333333334,
        0.23333333333333334,
        0.0,
        0.5333333333333333
      ],
      [
        0.43333333333333335,
        0.3333333333333333,
        0.0,
        0.23333333333333334
      ],
      [
        0.1,
        0.23333333333333334,
        0.0,
        0.6666666666666666
      ],
      [
        0.1,
        0.23333333333333334,
        0.43333333333333335,
        0.23333333333333334
      ],
      [
        0.1,
        0.23333333333333334,
        0.23333333333333334,
        0.43333333333333335
      ],
      [
        0.1,
        0.43333333333333335,
        0.23333333333333334,
        0.23333333333333334
      ],
      [
        0.3333333333333333,
        0.23333333333333334,
        0.43333333333333335,
        0.0
      ],
      [
        0.0,
        0.23333333333333334,
        0.43333333333333335,
        0.3333333333333333
      ],
      [
        0.0,
        0.1,
        0.23333333333333334,
        0.6666666666666666
      ],
      [
        0.0,
        0.23333333333333334,
        0.43333333333333335,
        0.3333333333333333
      ],
      [
        0.3333333333333333,
        0.0,
        0.43333333333333335,
        0.23333333333333334
      ],
      [
        0.0,
        0.3333333333333333,
        0.0,
        0.6666666666666666
      ],
      [
        0.0,
        0.6666666666666666,
        0.1,
        0.23333333333333334
      ],
      [
        0.6666666666666666,
        0.0,
        0.3333333333333333,
        0.0
      ],
      [
        0.23333333333333334,
        0.6666666666666666,
        0.1,
        0.0
      ],
      [
        0.23333333333333334,
        0.6666666666666666,
        0.1,
        0.0
      ]
    ],
    "min_score": 6.66
  },
  {
    "name": "tir_upstream_21bp",
    "length": 21,
    "count": 12,
    "matrix": [
      [
        0.0,
        0.4166666666666667,
        0.0,
        0.5833333333333334
      ],
      [
        0.16666666666666666,
        0.4166666666666667,
        0.0,
        0.4166666666666667
      ],
      [
        0.0,
        0.16666666666666666,
        0.8333333333333334,
        0.0
      ],
      [
        0.0,
        0.4166666666666667,
        0.4166666666666667,
        0.16666666666666666
      ],
      [
        0.0,
        0.4166666666666667,
        0.5833333333333334,
        0.0
      ],
      [
        0.8333333333333334,
        0.0,
        0.0,
        0.16666666666666666
      ],
      [
        0.8333333333333334,
        0.16666666666666666,
        0.0,
        0.0
      ],
      [
        0.8333333333333334,
        0.0,
        0.0,
        0.16666666666666666
      ],
      [
        0.16666666666666666,
        0.0,
        0.0,
        0.8333333333333334
      ],
      [
        0.0,
        0.4166666666666667,
        0.0,
        0.5833333333333334
      ],
      [
        0.4166666666666667,
        0.16666666666666666,
        0.4166666666666667,
        0.0
      ],
      [
        0.16666666666666666,
        0.0,
        0.4166666666666667,
        0.4166666666666667
      ],
      [
        0.0,
        0.0,
        0.4166666666666667,
        0.5833333333333334
      ],
      [
        0.16666666666666666,
        0.8333333333333334,
        0.0,
        0.0
      ],
      [
        0.16666666666666666,
        0.4166666666666667,
        0.4166666666666667,
        0.0
      ],
      [
        0.0,
        0.16666666666666666,
        0.8333333333333334,
        0.0
      ],
      [
        0.4166666666666667,
        0.0,
        0.4166666666666667,
        0.16666666666666666
      ],
      [
        0.8333333333333334,
        0.0,
        0.0,
        0.16666666666666666
      ],
      [
        0.4166666666666667,
        0.0,
        0.4166666666666667,
        0.16666666666666666
      ],
      [
        0.0,
        0.5833333333333334,
        0.4166666666666667,
        0.0
      ],
      [
        0.5833333333333334,
        0.4166666666666667,
        0.0,
        0.0
      ]
    ],
    "min_score": 7.85
  },
  {
    "name": "tir_upstream_22bp",
    "length": 22,
    "count": 29,
    "matrix": [
      [
        0.0,
        0.0,
        0.0,
        1.0
      ],
      [
        0.2413793103448276,
        0.0,
        0.6551724137931034,
        0.10344827586206896
      ],
      [
        0.3448275862068966,
        0.0,
        0.5517241379310345,
        0.10344827586206896
      ],
      [
        0.0,
        0.2413793103448276,
        0.6551724137931034,
        0.10344827586206896
      ],
      [
        0.6551724137931034,
        0.0,
        0.2413793103448276,
        0.10344827586206896
      ],
      [
        0.7931034482758621,
        0.10344827586206896,
        0.10344827586206896,
        0.0
      ],
      [
        0.6551724137931034,
        0.0,
        0.10344827586206896,
        0.2413793103448276
      ],
      [
        0.10344827586206896,
        0.0,
        0.3448275862068966,
        0.5517241379310345
      ],
      [
        0.0,
        0.10344827586206896,
        0.0,
        0.896551724137931
      ],
      [
        0.5517241379310345,
        0.0,
        0.3448275862068966,
        0.10344827586206896
      ],
      [
        0.3448275862068966,
        0.10344827586206896,
        0.0,
        0.5517241379310345
      ],
      [
        0.0,
        0.2413793103448276,
        0.20689655172413793,
        0.5517241379310345
      ],
      [
        0.0,
        0.6551724137931034,
        0.3448275862068966,
        0.0
      ],
      [
        0.0,
        0.5517241379310345,
        0.2413793103448276,
        0.20689655172413793
      ],
      [
        0.0,
        0.10344827586206896,
        0.6551724137931034,
        0.2413793103448276
      ],
      [
        0.10344827586206896,
        0.0,
        0.6551724137931034,
        0.2413793103448276
      ],
      [
        0.896551724137931,
        0.10344827586206896,
        0.0,
        0.0
      ],
      [
        0.0,
        0.0,
        0.896551724137931,
        0.10344827586206896
      ],
      [
        0.0,
        0.5517241379310345,
        0.10344827586206896,
        0.3448275862068966
      ],
      [
        0.5517241379310345,
        0.20689655172413793,
        0.0,
        0.2413793103448276
      ],
      [
        0.5517241379310345,
        0.10344827586206896,
        0.2413793103448276,
        0.10344827586206896
      ],
      [
        0.5517241379310345,
        0.0,
        0.3448275862068966,
        0.10344827586206896
      ]
    ],
    "min_score": 8.752
  },
  {
    "name": "tir_upstream_23bp",
    "length": 23,
    "count": 11,
    "matrix": [
      [
        0.0,
        0.2727272727272727,
        0.0,
        0.7272727272727273
      ],
      [
        0.18181818181818182,
        0.0,
        0.5454545454545454,
        0.2727272727272727
      ],
      [
        0.7272727272727273,
        0.0,
        0.2727272727272727,
        0.0
      ],
      [
        0.0,
        0.0,
        0.18181818181818182,
        0.8181818181818182
      ],
      [
        0.5454545454545454,
        0.2727272727272727,
        0.0,
        0.18181818181818182
      ],
      [
        0.0,
        0.0,
        0.45454545454545453,
        0.5454545454545454
      ],
      [
        0.7272727272727273,
        0.2727272727272727,
        0.0,
        0.0
      ],
      [
        0.0,
        0.45454545454545453,
        0.0,
        0.5454545454545454
      ],
      [
        0.0,
        0.0,
        0.45454545454545453,
        0.5454545454545454
      ],
      [
        0.0,
        0.0,
        0.18181818181818182,
        0.8181818181818182
      ],
      [
        0.0,
        0.0,
        0.0,
        1.0
      ],
      [
        0.7272727272727273,
        0.0,
        0.0,
        0.2727272727272727
      ],
      [
        0.18181818181818182,
        0.0,
        0.0,
        0.8181818181818182
      ],
      [
        1.0,
        0.0,
        0.0,
        0.0
      ],
      [
        0.5454545454545454,
        0.0,
        0.2727272727272727,
        0.18181818181818182
      ],
      [
        0.5454545454545454,
        0.45454545454545453,
        0.0,
        0.0
      ],
      [
        0.8181818181818182,
        0.0,
        0.18181818181818182,
        0.0
      ],
      [
        0.18181818181818182,
        0.0,
        0.2727272727272727,
        0.5454545454545454
      ],
      [
        0.7272727272727273,
        0.0,
        0.2727272727272727,
        0.0
      ],
      [
        0.5454545454545454,
        0.45454545454545453,
        0.0,
        0.0
      ],
      [
        0.8181818181818182,
        0.0,
        0.18181818181818182,
        0.0
      ],
      [
        0.5454545454545454,
        0.45454545454545453,
        0.0,
        0.0
      ],
      [
        0.5454545454545454,
        0.18181818181818182,
        0.2727272727272727,
        0.0
      ]
    ],
    "min_score": 9.436
  },
  {
    "name": "tir_upstream_24bp",
    "length": 24,
    "count": 14,
    "matrix": [
      [
        0.0,
        0.7857142857142857,
        0.0,
        0.21428571428571427
      ],
      [
        0.21428571428571427,
        0.0,
        0.7857142857142857,
        0.0
      ],
      [
        0.7857142857142857,
        0.0,
        0.21428571428571427,
        0.0
      ],
      [
        0.21428571428571427,
        0.0,
        0.0,
        0.7857142857142857
      ],
      [
        0.21428571428571427,
        0.0,
        0.7857142857142857,
        0.0
      ],
      [
        0.7857142857142857,
        0.0,
        0.0,
        0.21428571428571427
      ],
      [
        1.0,
        0.0,
        0.0,
        0.0
      ],
      [
        0.7857142857142857,
        0.0,
        0.21428571428571427,
        0.0
      ],
      [
        0.0,
        0.7857142857142857,
        0.0,
        0.21428571428571427
      ],
      [
        1.0,
        0.0,
        0.0,
        0.0
      ],
      [
        0.0,
        0.0,
        1.0,
        0.0
      ],
      [
        0.0,
        0.0,
        0.21428571428571427,
        0.7857142857142857
      ],
      [
        0.21428571428571427,
        0.0,
        0.0,
        0.7857142857142857
      ],
      [
        0.7857142857142857,
        0.21428571428571427,
        0.0,
        0.0
      ],
      [
        0.0,
        0.21428571428571427,
        0.7857142857142857,
        0.0
      ],
      [
        0.0,
        0.7857142857142857,
        0.0,
        0.21428571428571427
      ],
      [
        0.0,
        0.7857142857142857,
        0.21428571428571427,
        0.0
      ],
      [
        0.7857142857142857,
        0.21428571428571427,
        0.0,
        0.0
      ],
      [
        0.0,
        0.0,
        1.0,
        0.0
      ],
      [
        0.21428571428571427,
        0.7857142857142857,
        0.0,
        0.0
      ],
      [
        0.21428571428571427,
        0.0,
        0.7857142857142857,
        0.0
      ],
      [
        0.21428571428571427,
        0.0,
        0.7857142857142857,
        0.0
      ],
      [
        0.0,
        0.7857142857142857,
        0.0,
        0.21428571428571427
      ],
      [
        0.0,
        0.7857142857142857,
        0.0,
        0.21428571428571427
      ]
    ],
    "min_score": 11.829
  },
  {
    "name": "tir_upstream_25bp",
    "length": 25,
    "count": 24,
    "matrix": [
      [
        0.08333333333333333,
        0.0,
        0.4166666666666667,
        0.5
      ],
      [
        0.0,
        0.0,
        0.08333333333333333,
        0.9166666666666666
      ],
      [
        0.08333333333333333,
        0.9166666666666666,
        0.0,
        0.0
      ],
      [
        1.0,
        0.0,
        0.0,
        0.0
      ],
      [
        0.0,
        0.5,
        0.0,
        0.5
      ],
      [
        0.0,
        0.08333333333333333,
        0.9166666666666666,
        0.0
      ],
      [
        0.5,
        0.4166666666666667,
        0.0,
        0.08333333333333333
      ],
      [
        0.5,
        0.0,
        0.0,
        0.5
      ],
      [
        0.5,
        0.0,
        0.5,
        0.0
      ],
      [
        0.4166666666666667,
        0.0,
        0.0,
        0.5833333333333334
      ],
      [
        0.0,
        0.5,
        0.5,
        0.0
      ],
      [
        0.5,
        0.0,
        0.4166666666666667,
        0.08333333333333333
      ],
      [
        0.4166666666666667,
        0.5833333333333334,
        0.0,
        0.0
      ],
      [
        0.08333333333333333,
        0.0,
        0.9166666666666666,
        0.0
      ],
      [
        0.0,
        0.4166666666666667,
        0.5,
        0.08333333333333333
      ],
      [
        0.0,
        0.0,
        0.4166666666666667,
        0.5833333333333334
      ],
      [
        0.0,
        0.0,
        1.0,
        0.0
      ],
      [
        0.5,
        0.0,
        0.4166666666666667,
        0.08333333333333333
      ],
      [
        0.0,
        0.08333333333333333,
        0.5,
        0.4166666666666667
      ],
      [
        0.5833333333333334,
        0.4166666666666667,
        0.0,
        0.0
      ],
      [
        0.9166666666666666,
        0.0,
        0.0,
        0.08333333333333333
      ],
      [
        0.4166666666666667,
        0.0,
        0.5,
        0.08333333333333333
      ],
      [
        0.0,
        0.4166666666666667,
        0.5,
        0.08333333333333333
      ],
      [
        0.0,
        0.5,
        0.4166666666666667,
        0.08333333333333333
      ],
      [
        0.08333333333333333,
        0.4166666666666667,
        0.5,
        0.0
      ]
    ],
    "min_score": 9.55
  },
  {
    "name": "tir_upstream_26bp",
    "length": 26,
    "count": 24,
    "matrix": [
      [
        0.5,
        0.5,
        0.0,
        0.0
      ],
      [
        0.5,
        0.0,
        0.0,
        0.5
      ],
      [
        0.0,
        0.0,
        0.5,
        0.5
      ],
      [
        0.5,
        0.0,
        0.0,
        0.5
      ],
      [
        0.5,
        0.0,
        0.5,
        0.0
      ],
      [
        0.0,
        0.0,
        0.5,
        0.5
      ],
      [
        0.0,
        0.0,
        0.5,
        0.5
      ],
      [
        0.5,
        0.0,
        0.0,
        0.5
      ],
      [
        0.0,
        0.0,
        1.0,
        0.0
      ],
      [
        0.5,
        0.5,
        0.0,
        0.0
      ],
      [
        0.0,
        0.0,
        0.5,
        0.5
      ],
      [
        0.0,
        0.0,
        0.0,
        1.0
      ],
      [
        0.5,
        0.0,
        0.5,
        0.0
      ],
      [
        0.0,
        0.5,
        0.0,
        0.5
      ],
      [
        0.5,
        0.0,
        0.0,
        0.5
      ],
      [
        0.5,
        0.0,
        0.5,
        0.0
      ],
      [
        0.0,
        0.0,
        0.5,
        0.5
      ],
      [
        0.0,
        0.5,
        0.0,
        0.5
      ],
      [
        0.0,
        0.0,
        0.5,
        0.5
      ],
      [
        1.0,
        0.0,
        0.0,
        0.0
      ],
      [
        0.5,
        0.0,
        0.0,
        0.5
      ],
      [
        0.0,
        0.0,
        0.5,
        0.5
      ],
      [
        0.5,
        0.0,
        0.5,
        0.0
      ],
      [
        0.5,
        0.0,
        0.5,
        0.0
      ],
      [
        0.0,
        0.0,
        0.5,
        0.5
      ],
      [
        0.5,
        0.0,
        0.5,
        0.0
      ]
    ],
    "min_score": 8.7
  },
  {
    "name": "tir_upstream_29bp",
    "length": 29,
    "count": 48,
    "matrix": [
      [
        0.25,
        0.0,
        0.0,
        0.75
      ],
      [
        0.75,
        0.041666666666666664,
        0.20833333333333334,
        0.0
      ],
      [
        0.75,
        0.20833333333333334,
        0.0,
        0.041666666666666664
      ],
      [
        0.25,
        0.0,
        0.75,
        0.0
      ],
      [
        0.0,
        0.0,
        1.0,
        0.0
      ],
      [
        0.041666666666666664,
        0.0,
        0.9583333333333334,
        0.0
      ],
      [
        0.041666666666666664,
        0.20833333333333334,
        0.75,
        0.0
      ],
      [
        0.9583333333333334,
        0.0,
        0.0,
        0.041666666666666664
      ],
      [
        0.7916666666666666,
        0.0,
        0.0,
        0.20833333333333334
      ],
      [
        0.0,
        0.0,
        0.0,
        1.0
      ],
      [
        0.041666666666666664,
        0.0,
        0.20833333333333334,
        0.75
      ],
      [
        0.20833333333333334,
        0.0,
        0.041666666666666664,
        0.75
      ],
      [
        0.0,
        0.0,
        1.0,
        0.0
      ],
      [
        0.0,
        0.0,
        0.041666666666666664,
        0.9583333333333334
      ],
      [
        0.041666666666666664,
        0.0,
        0.75,
        0.20833333333333334
      ],
      [
        0.0,
        0.7916666666666666,
        0.20833333333333334,
        0.0
      ],
      [
        0.9583333333333334,
        0.041666666666666664,
        0.0,
        0.0
      ],
      [
        0.20833333333333334,
        0.0,
        0.0,
        0.7916666666666666
      ],
      [
        0.0,
        0.20833333333333334,
        0.041666666666666664,
        0.75
      ],
      [
        0.20833333333333334,
        0.0,
        0.0,
        0.7916666666666666
      ],
      [
        0.0,
        0.0,
        0.7916666666666666,
        0.20833333333333334
      ],
      [
        0.041666666666666664,
        0.0,
        0.75,
        0.20833333333333334
      ],
      [
        0.041666666666666664,
        0.9583333333333334,
        0.0,
        0.0
      ],
      [
        0.25,
        0.0,
        0.0,
        0.75
      ],
      [
        0.041666666666666664,
        0.75,
        0.20833333333333334,
        0.0
      ],
      [
        0.0,
        0.25,
        0.0,
        0.75
      ],
      [
        0.0,
        0.75,
        0.041666666666666664,
        0.20833333333333334
      ],
      [
        0.041666666666666664,
        0.75,
        0.20833333333333334,
        0.0
      ],
      [
        0.0,
        1.0,
        0.0,
        0.0
      ]
    ],
    "min_score": 14.4
  },
  {
    "name": "tir_upstream_30bp",
